FamilyID	Bombus_bifarius<1>	Bombus_pyrosoma<2>	Bombus_affinis<3>	Bombus_terrestris<4>	<5>	<6>	<7>
N0.HOG0000000	4.82606e-65	0.0653274	0.505887	0.505887	N/A	2.03738e-32	0.0494368
N0.HOG0000002	0.032796	0.522527	0.505887	0.505887	N/A	0.0307862	0.516903
N0.HOG0000005	0.532289	0.0336612	0.505887	0.00882236	N/A	0.510424	0.516903
N0.HOG0000016	0.532289	0.0113876	0.5	0.5	N/A	0.510424	0.0252825
N0.HOG0000017	0.532289	0.0336612	2.69323e-86	0.533808	N/A	0.510424	7.19962e-10
N0.HOG0000021	0.532289	0.522527	2.56017e-77	0.522935	N/A	0.510424	2.47698e-06
N0.HOG0000029	0.532289	0.522527	0.00882236	0.505887	N/A	0.510424	0.516903
N0.HOG0000031	0.532289	0.522527	0.505887	0.00882236	N/A	0.510424	0.516903
N0.HOG0000032	0.532289	0.522527	0.0029523	0.505887	N/A	0.510424	0.516903
N0.HOG0000036	0.132695	0.0951371	0.58281	2.08786e-11	N/A	0.530309	5.06222e-22
N0.HOG0000040	0.032796	0.522527	0.5	0.5	N/A	0.0307862	0.0252825
N0.HOG0000041	0.532289	3.07026e-09	0.5	0.5	N/A	0.510424	0.0252825
N0.HOG0000042	0.0163963	0.522527	0.5	0.5	N/A	0.510424	0.0252825
N0.HOG0000043	0.00262242	0.0336612	0.505887	0.00882236	N/A	0.0307862	0.516903
N0.HOG0000044	0.532289	0.0336612	0.00882236	0.505887	N/A	0.510424	0.516903
N0.HOG0000046	0.532289	5.91294e-06	0.505887	0.00882236	N/A	0.510424	0.516903
N0.HOG0000047	2.06523e-06	0.543544	0.5	0.5	N/A	0.000341934	0.00016424
N0.HOG0000048	0.532289	0.522527	0.00882236	0.505887	N/A	0.510424	0.516903
N0.HOG0000050	0.0163963	0.0336612	0.505887	0.00882236	N/A	0.510424	0.516903
N0.HOG0000051	0.00601701	0.543544	0.00882236	0.505887	N/A	0.0455464	0.0494368
N0.HOG0000052	0.092262	0.543544	0.00590461	1.82437e-05	N/A	0.520523	0.532955
N0.HOG0000054	6.11375e-34	0.0336612	0.505887	0.505887	N/A	1.23123e-15	0.516903
N0.HOG0000055	0.132695	2.05978e-44	0.511671	0.0175067	N/A	0.530309	0.0725218
N0.HOG0000057	0.092262	7.96758e-49	0.00882236	0.505887	N/A	0.520523	0.0494368
N0.HOG0000062	0.532289	0.522527	0.505887	0.0029523	N/A	0.510424	0.516903
N0.HOG0000066	0.532289	0.522527	5.62754e-59	0.505887	N/A	0.510424	0.516903
N0.HOG0000067	0.532289	0.522527	0.505887	0.0029523	N/A	0.510424	0.516903
N0.HOG0000068	0.532289	0.522527	0.505887	0.00882236	N/A	0.510424	0.516903
N0.HOG0000072	0.092262	0.543544	0.511671	0.0175067	N/A	0.520523	0.532955
N0.HOG0000074	1.36035e-23	0.000304058	0.511671	1.82437e-05	N/A	1.86879e-11	0.532955
N0.HOG0000083	5.74047e-22	0.522527	0.505887	0.505887	N/A	9.21698e-10	0.516903
N0.HOG0000084	0.532289	5.91294e-06	0.505887	0.505887	N/A	0.510424	0.516903
N0.HOG0000087	0.532289	0.0336612	0.505887	0.0029523	N/A	0.510424	0.516903
N0.HOG0000091	0.0035412	3.04046e-21	0.522935	4.49103e-07	N/A	0.539792	0.562688
N0.HOG0000092	5.74047e-22	0.522527	0.00882236	0.505887	N/A	9.21698e-10	0.516903
N0.HOG0000094	0.532289	0.0113876	0.5	0.5	N/A	0.510424	0.0252825
N0.HOG0000095	0.032796	0.543544	0.505887	0.00882236	N/A	0.520523	0.0494368
N0.HOG0000096	0.032796	0.522527	0.5	0.5	N/A	0.0307862	0.0252825
N0.HOG0000097	0.561485	1.22502e-11	0.5	0.5	N/A	0.520523	0.00016424
N0.HOG0000098	0.532289	0.522527	0.505887	0.00882236	N/A	0.510424	0.516903
N0.HOG0000099	0.532289	0.522527	0.505887	0.00882236	N/A	0.510424	0.516903
N0.HOG0000102	0.532289	0.000259488	0.505887	0.505887	N/A	0.510424	0.516903
N0.HOG0000106	0.092262	1.22028e-19	0.505887	0.505887	N/A	0.520523	0.0494368
N0.HOG0000111	0.532289	0.522527	6.44855e-39	0.505887	N/A	0.510424	0.516903
N0.HOG0000112	0.532289	0.522527	0.505887	6.44855e-39	N/A	0.510424	0.516903
N0.HOG0000113	7.19361e-18	0.522527	0.5	0.5	N/A	9.21698e-10	0.0252825
N0.HOG0000124	0.532289	0.522527	0.522935	7.13455e-21	N/A	0.510424	2.47698e-06
N0.HOG0000125	0.561485	0.000304058	0.0175067	0.00590461	N/A	0.520523	0.532955
N0.HOG0000127	0.032796	0.0336612	0.505887	0.505887	N/A	0.0307862	0.516903
N0.HOG0000129	0.532289	0.0336612	0.0029523	0.505887	N/A	0.510424	0.516903
N0.HOG0000135	4.77668e-17	0.522527	0.505887	0.00882236	N/A	4.42322e-08	0.516903
N0.HOG0000144	0.00010028	0.598609	0.533808	0.533808	N/A	0.0209447	0.0424961
N0.HOG0000147	0.532289	0.522527	0.00882236	0.505887	N/A	0.510424	0.516903
N0.HOG0000148	0.532289	0.522527	0.00882236	0.505887	N/A	0.510424	0.516903
N0.HOG0000152	1.73233e-13	0.522527	0.505887	0.505887	N/A	2.6601e-06	0.516903
N0.HOG0000153	0.532289	0.522527	2.3492e-19	0.517353	N/A	0.510424	0.000145288
N0.HOG0000155	0.092262	0.543544	0.0175067	0.00590461	N/A	0.520523	0.532955
N0.HOG0000156	0.532289	0.0113876	0.505887	0.00882236	N/A	0.510424	0.516903
N0.HOG0000160	0.561485	0.543544	0.00882236	0.505887	N/A	0.520523	0.0494368
N0.HOG0000170	0.032796	0.522527	0.5	0.5	N/A	0.0307862	0.0252825
N0.HOG0000171	0.0163963	0.522527	0.5	0.5	N/A	0.510424	0.0252825
N0.HOG0000177	0.532289	0.522527	0.00882236	0.505887	N/A	0.510424	0.516903
N0.HOG0000179	0.532289	0.522527	0.505887	0.00882236	N/A	0.510424	0.516903
N0.HOG0000180	0.532289	0.522527	0.505887	0.00882236	N/A	0.510424	0.516903
N0.HOG0000181	0.532289	0.522527	0.505887	0.0029523	N/A	0.510424	0.516903
N0.HOG0000183	0.092262	0.0227759	0.511671	0.511671	N/A	0.520523	0.532955
N0.HOG0000184	0.587916	0.0951371	0.528419	0.0147565	N/A	0.530309	0.00168032
N0.HOG0000187	0.532289	0.0336612	0.511671	0.00590461	N/A	0.510424	0.00852191
N0.HOG0000188	0.532289	0.0336612	0.00882236	0.505887	N/A	0.510424	0.516903
N0.HOG0000190	0.532289	0.522527	0.00882236	1.25141e-16	N/A	0.510424	0.516903
N0.HOG0000191	0.032796	0.522527	0.505887	0.505887	N/A	0.0307862	0.516903
N0.HOG0000192	0.532289	0.522527	0.505887	8.98319e-28	N/A	0.510424	0.516903
N0.HOG0000193	0.532289	0.522527	0.00882236	0.505887	N/A	0.510424	0.516903
N0.HOG0000194	0.532289	0.0336612	0.00882236	0.505887	N/A	0.510424	0.516903
N0.HOG0000195	0.092262	0.543544	0.00590461	0.0175067	N/A	0.520523	0.532955
N0.HOG0000197	0.532289	0.522527	0.00882236	0.505887	N/A	0.510424	0.516903
N0.HOG0000198	0.092262	0.543544	0.00590461	0.0175067	N/A	0.520523	0.532955
N0.HOG0000200	0.587916	0.0951371	0.000206536	5.38951e-05	N/A	0.530309	0.548201
N0.HOG0000202	0.092262	0.543544	0.522935	2.18945e-08	N/A	0.520523	0.000716662
N0.HOG0000204	0.532289	2.23186e-22	0.5	0.5	N/A	0.510424	0.0252825
N0.HOG0000207	0.0163963	0.0336612	0.505887	0.505887	N/A	0.510424	0.516903
N0.HOG0000209	0.532289	0.0336612	8.98319e-28	0.00882236	N/A	0.510424	0.516903
N0.HOG0000210	0.532289	0.522527	0.000591933	0.528419	N/A	0.510424	4.22295e-08
N0.HOG0000213	0.532289	0.522527	2.57643e-23	0.505887	N/A	0.510424	0.516903
N0.HOG0000214	0.092262	0.543544	0.0175067	0.511671	N/A	0.520523	0.532955
N0.HOG0000216	0.532289	0.0336612	0.00882236	0.505887	N/A	0.510424	0.516903
N0.HOG0000217	0.092262	0.0012742	0.511671	0.511671	N/A	0.520523	0.532955
N0.HOG0000220	0.561485	0.0653274	0.517353	0.00885641	N/A	0.520523	0.0170441
N0.HOG0000221	0.561485	0.0653274	4.31701e-20	1.82437e-05	N/A	0.520523	0.532955
N0.HOG0000224	0.611874	4.49499e-06	0.5	0.5	N/A	0.539792	1.1442e-07
N0.HOG0000225	0.532289	0.0336612	0.00882236	8.98319e-28	N/A	0.510424	0.516903
N0.HOG0000227	0.092262	0.0227759	0.511671	0.511671	N/A	0.520523	0.532955
N0.HOG0000231	0.532289	0.522527	0.505887	0.00882236	N/A	0.510424	0.516903
N0.HOG0000232	0.561485	2.28497e-05	0.511671	0.0175067	N/A	0.520523	0.532955
N0.HOG0000233	0.532289	0.522527	9.90808e-16	0.511671	N/A	0.510424	0.00852191
N0.HOG0000234	6.57663e-10	0.522527	0.505887	0.505887	N/A	0.000173407	0.516903
N0.HOG0000235	0.532289	0.522527	0.0029523	0.505887	N/A	0.510424	0.516903
N0.HOG0000241	0.532289	0.0336612	0.522935	2.18945e-08	N/A	0.510424	2.47698e-06
N0.HOG0000242	0.532289	0.522527	0.00882236	0.505887	N/A	0.510424	0.516903
N0.HOG0000243	0.532289	0.522527	0.00882236	0.505887	N/A	0.510424	0.516903
N0.HOG0000244	0.532289	1.34738e-07	0.00882236	0.505887	N/A	0.510424	0.516903
N0.HOG0000249	1.56199e-08	0.522527	0.505887	0.505887	N/A	0.000173407	0.516903
N0.HOG0000253	0.532289	0.522527	0.505887	7.38933e-19	N/A	0.510424	0.516903
N0.HOG0000254	0.532289	0.522527	0.511671	1.46853e-13	N/A	0.510424	0.00852191
N0.HOG0000255	0.532289	0.522527	0.00882236	0.505887	N/A	0.510424	0.516903
N0.HOG0000256	0.532289	0.522527	0.00590461	0.511671	N/A	0.510424	0.00852191
N0.HOG0000259	0.587916	0.563162	0.511671	1.82437e-05	N/A	0.530309	0.0725218
N0.HOG0000261	0.532289	0.522527	0.505887	0.00882236	N/A	0.510424	0.516903
N0.HOG0000262	0.532289	0.522527	0.505887	0.0029523	N/A	0.510424	0.516903
N0.HOG0000263	3.5802e-07	0.0653274	0.511671	0.0175067	N/A	0.0455464	0.532955
N0.HOG0000264	7.82543e-06	0.543544	0.0175067	0.511671	N/A	0.0455464	0.532955
N0.HOG0000269	0.532289	0.522527	0.505887	0.00882236	N/A	0.510424	0.516903
N0.HOG0000271	0.532289	0.522527	0.517353	1.21716e-06	N/A	0.510424	0.000145288
N0.HOG0000272	0.00262242	0.0653274	1.82437e-05	0.511671	N/A	0.520523	0.532955
N0.HOG0000275	0.532289	0.522527	0.505887	0.00882236	N/A	0.510424	0.516903
N0.HOG0000282	0.532289	0.522527	1.25141e-16	0.505887	N/A	0.510424	0.516903
N0.HOG0000284	0.532289	0.0336612	0.00882236	0.505887	N/A	0.510424	0.516903
N0.HOG0000286	0.532289	0.522527	0.517353	0.517353	N/A	0.510424	0.000145288
N0.HOG0000287	0.0163963	0.522527	0.5	0.5	N/A	0.510424	0.0252825
N0.HOG0000288	0.532289	0.522527	0.505887	0.00882236	N/A	0.510424	0.516903
N0.HOG0000289	0.032796	0.0653274	8.67542e-05	1.82437e-05	N/A	0.520523	0.532955
N0.HOG0000290	6.72397e-05	0.522527	0.505887	0.00882236	N/A	0.0307862	0.516903
N0.HOG0000291	0.032796	0.0336612	0.505887	0.00882236	N/A	0.0307862	0.516903
N0.HOG0000293	0.092262	0.543544	0.0175067	0.511671	N/A	0.520523	0.532955
N0.HOG0000295	0.532289	0.0336612	0.0029523	0.505887	N/A	0.510424	0.516903
N0.HOG0000296	0.532289	0.522527	0.00882236	0.505887	N/A	0.510424	0.516903
N0.HOG0000297	0.532289	0.522527	0.522935	0.522935	N/A	0.510424	2.47698e-06
N0.HOG0000298	0.000195378	0.543544	0.505887	0.505887	N/A	0.0455464	0.0494368
N0.HOG0000299	0.532289	0.522527	2.1193e-14	0.505887	N/A	0.510424	0.516903
N0.HOG0000302	0.532289	0.522527	0.00882236	0.505887	N/A	0.510424	0.516903
N0.HOG0000303	0.00601701	0.000304058	1.82437e-05	0.511671	N/A	0.0455464	0.532955
N0.HOG0000309	0.092262	0.0012742	0.511671	0.511671	N/A	0.520523	0.532955
N0.HOG0000310	0.00262242	0.000304058	8.67542e-05	0.0175067	N/A	0.520523	0.532955
N0.HOG0000311	0.561485	0.000304058	2.13232e-11	1.82437e-05	N/A	0.520523	0.532955
N0.HOG0000314	0.532289	0.0336612	1.25141e-16	0.00882236	N/A	0.510424	0.516903
N0.HOG0000315	0.532289	0.522527	0.517353	0.00885641	N/A	0.510424	0.000145288
N0.HOG0000316	0.587916	0.563162	0.0175067	0.511671	N/A	0.530309	0.0725218
N0.HOG0000319	0.532289	0.522527	0.00882236	0.505887	N/A	0.510424	0.516903
N0.HOG0000332	0.092262	0.0227759	0.00590461	0.0175067	N/A	0.520523	0.532955
N0.HOG0000339	0.532289	0.522527	0.517353	0.517353	N/A	0.510424	0.000145288
N0.HOG0000349	0.532289	0.522527	0.00882236	0.505887	N/A	0.510424	0.516903
N0.HOG0000356	0.532289	0.522527	0.505887	0.00882236	N/A	0.510424	0.516903
N0.HOG0000365	0.532289	0.000259488	0.5	0.5	N/A	0.510424	0.0252825
N0.HOG0000366	0.092262	0.543544	0.00590461	0.511671	N/A	0.520523	0.532955
N0.HOG0000383	0.532289	0.0336612	0.517353	0.00885641	N/A	0.510424	0.000145288
N0.HOG0000388	0.532289	0.522527	0.505887	0.00882236	N/A	0.510424	0.516903
N0.HOG0000389	0.532289	0.0113876	0.505887	0.00882236	N/A	0.510424	0.516903
N0.HOG0000401	0.532289	0.0336612	0.00882236	0.505887	N/A	0.510424	0.516903
N0.HOG0000402	0.532289	0.0336612	0.00882236	0.505887	N/A	0.510424	0.516903
N0.HOG0000408	0.532289	0.522527	1.74328e-05	0.505887	N/A	0.510424	0.516903
N0.HOG0000415	0.532289	0.522527	0.00882236	0.505887	N/A	0.510424	0.516903
N0.HOG0000416	0.561485	0.000304058	0.511671	0.0175067	N/A	0.520523	0.532955
N0.HOG0000417	0.532289	0.522527	0.0029523	0.00882236	N/A	0.510424	0.516903
N0.HOG0000418	0.532289	0.522527	0.00882236	0.0029523	N/A	0.510424	0.516903
N0.HOG0000421	0.532289	0.522527	0.517353	0.517353	N/A	0.510424	0.000145288
N0.HOG0000424	0.092262	0.0227759	0.511671	0.511671	N/A	0.520523	0.532955
N0.HOG0000430	0.532289	0.522527	0.00882236	0.505887	N/A	0.510424	0.516903
N0.HOG0000431	0.532289	0.522527	0.00882236	0.505887	N/A	0.510424	0.516903
N0.HOG0000432	0.532289	0.522527	0.505887	1.02938e-07	N/A	0.510424	0.516903
N0.HOG0000434	0.561485	0.0653274	8.67542e-05	1.82437e-05	N/A	0.520523	0.532955
N0.HOG0000435	0.532289	0.0336612	0.517353	0.517353	N/A	0.510424	0.000145288
N0.HOG0000442	0.532289	0.0336612	0.00882236	0.505887	N/A	0.510424	0.516903
N0.HOG0000444	0.532289	0.0336612	0.00882236	0.505887	N/A	0.510424	0.516903
N0.HOG0000446	0.532289	0.522527	0.00882236	0.505887	N/A	0.510424	0.516903
N0.HOG0000451	0.532289	0.522527	0.00882236	0.505887	N/A	0.510424	0.516903
N0.HOG0000453	0.532289	0.0336612	6.07827e-10	0.505887	N/A	0.510424	0.516903
N0.HOG0000455	0.532289	0.522527	0.00882236	0.505887	N/A	0.510424	0.516903
N0.HOG0000456	0.532289	0.522527	0.00882236	0.505887	N/A	0.510424	0.516903
N0.HOG0000460	0.532289	0.522527	0.00882236	0.505887	N/A	0.510424	0.516903
N0.HOG0000462	0.532289	0.522527	0.00882236	0.505887	N/A	0.510424	0.516903
N0.HOG0000463	0.532289	0.522527	0.505887	1.02938e-07	N/A	0.510424	0.516903
N0.HOG0000466	0.0163963	0.522527	0.5	0.5	N/A	0.510424	0.0252825
N0.HOG0000467	0.092262	0.0227759	0.511671	0.0175067	N/A	0.520523	0.532955
N0.HOG0000468	0.532289	5.91294e-06	0.505887	0.505887	N/A	0.510424	0.516903
N0.HOG0000469	0.561485	0.0227759	0.505887	0.505887	N/A	0.520523	0.0494368
N0.HOG0000475	0.092262	0.543544	0.511671	0.0175067	N/A	0.520523	0.532955
N0.HOG0000477	0.532289	0.0336612	0.00882236	0.505887	N/A	0.510424	0.516903
N0.HOG0000478	0.0163963	0.0336612	0.505887	0.505887	N/A	0.510424	0.516903
N0.HOG0000482	0.032796	0.522527	0.505887	0.505887	N/A	0.0307862	0.516903
N0.HOG0000483	0.532289	0.000259488	0.505887	0.505887	N/A	0.510424	0.516903
N0.HOG0000484	0.532289	0.522527	1.74328e-05	0.505887	N/A	0.510424	0.516903
N0.HOG0000494	0.532289	0.000259488	0.505887	0.505887	N/A	0.510424	0.516903
N0.HOG0000495	0.532289	0.0336612	0.00882236	0.505887	N/A	0.510424	0.516903
N0.HOG0000497	0.532289	0.522527	0.505887	0.00882236	N/A	0.510424	0.516903
N0.HOG0000499	0.092262	0.543544	0.511671	0.0175067	N/A	0.520523	0.532955
N0.HOG0000500	0.092262	0.543544	0.0175067	0.511671	N/A	0.520523	0.532955
N0.HOG0000512	0.561485	0.0653274	0.511671	0.0175067	N/A	0.520523	0.532955
N0.HOG0000513	0.561485	0.543544	0.511671	1.82437e-05	N/A	0.520523	0.532955
N0.HOG0000514	0.032796	0.522527	0.505887	0.505887	N/A	0.0307862	0.516903
N0.HOG0000516	0.532289	0.0336612	0.505887	0.00882236	N/A	0.510424	0.516903
N0.HOG0000517	0.532289	0.0336612	0.505887	0.00882236	N/A	0.510424	0.516903
N0.HOG0000520	0.092262	0.543544	0.511671	0.0175067	N/A	0.520523	0.532955
N0.HOG0000526	0.532289	0.0336612	0.505887	0.00882236	N/A	0.510424	0.516903
N0.HOG0000528	0.561485	0.0653274	0.0175067	0.511671	N/A	0.520523	0.532955
N0.HOG0000530	0.532289	0.522527	0.00882236	0.505887	N/A	0.510424	0.516903
N0.HOG0000535	0.092262	0.543544	0.511671	0.0175067	N/A	0.520523	0.532955
N0.HOG0000536	0.00262242	0.0336612	0.505887	0.505887	N/A	0.0307862	0.516903
N0.HOG0000539	0.532289	0.000259488	0.505887	0.505887	N/A	0.510424	0.516903
N0.HOG0000541	0.00262242	0.000304058	0.511671	1.82437e-05	N/A	0.520523	0.532955
N0.HOG0000545	6.72397e-05	0.0336612	0.00882236	0.505887	N/A	0.0307862	0.516903
N0.HOG0000546	0.532289	0.0336612	0.00882236	0.505887	N/A	0.510424	0.516903
N0.HOG0000547	0.532289	0.522527	0.00882236	0.0029523	N/A	0.510424	0.516903
N0.HOG0000548	0.561485	0.0012742	0.5	0.5	N/A	0.520523	0.00016424
N0.HOG0000557	0.532289	0.522527	0.505887	0.0029523	N/A	0.510424	0.516903
N0.HOG0000563	0.532289	0.522527	0.0029523	0.505887	N/A	0.510424	0.516903
N0.HOG0000564	0.532289	0.522527	0.0029523	0.505887	N/A	0.510424	0.516903
N0.HOG0000566	0.532289	0.522527	0.505887	0.0029523	N/A	0.510424	0.516903
N0.HOG0000568	0.532289	0.522527	0.505887	0.0029523	N/A	0.510424	0.516903
N0.HOG0000569	0.532289	0.522527	0.505887	0.0029523	N/A	0.510424	0.516903
N0.HOG0000572	0.532289	0.522527	0.0029523	0.505887	N/A	0.510424	0.516903
N0.HOG0000579	0.532289	0.522527	0.505887	0.0029523	N/A	0.510424	0.516903
N0.HOG0000580	0.532289	0.522527	0.0029523	0.505887	N/A	0.510424	0.516903
N0.HOG0000583	0.532289	0.522527	0.505887	0.0029523	N/A	0.510424	0.516903
N0.HOG0000586	0.532289	0.522527	0.0029523	0.505887	N/A	0.510424	0.516903
N0.HOG0000590	0.532289	0.522527	0.0029523	0.505887	N/A	0.510424	0.516903
N0.HOG0000600	0.532289	0.522527	0.505887	0.0029523	N/A	0.510424	0.516903
N0.HOG0000607	0.532289	0.522527	0.0029523	0.505887	N/A	0.510424	0.516903
N0.HOG0000610	0.532289	0.0336612	0.00882236	0.505887	N/A	0.510424	0.516903
N0.HOG0000615	0.032796	0.0336612	0.505887	0.505887	N/A	0.0307862	0.516903
N0.HOG0000621	0.532289	0.522527	0.505887	0.0029523	N/A	0.510424	0.516903
N0.HOG0000623	0.532289	0.522527	0.505887	0.0029523	N/A	0.510424	0.516903
N0.HOG0000636	0.532289	0.522527	0.505887	0.0029523	N/A	0.510424	0.516903
N0.HOG0000642	0.532289	0.522527	0.505887	0.0029523	N/A	0.510424	0.516903
N0.HOG0000644	0.532289	0.522527	0.505887	0.0029523	N/A	0.510424	0.516903
N0.HOG0000647	0.532289	0.522527	0.0029523	0.505887	N/A	0.510424	0.516903
N0.HOG0000652	0.532289	0.522527	0.505887	0.0029523	N/A	0.510424	0.516903
N0.HOG0000659	0.532289	0.522527	0.0029523	0.505887	N/A	0.510424	0.516903
N0.HOG0000663	0.532289	0.0336612	0.00882236	0.505887	N/A	0.510424	0.516903
N0.HOG0000664	0.532289	0.0336612	0.00882236	0.505887	N/A	0.510424	0.516903
N0.HOG0000667	0.032796	0.0336612	0.505887	0.505887	N/A	0.0307862	0.516903
N0.HOG0000671	0.532289	5.91294e-06	0.5	0.5	N/A	0.510424	0.0252825
N0.HOG0000672	0.561485	0.0653274	1.82437e-05	0.511671	N/A	0.520523	0.532955
N0.HOG0000674	0.532289	5.91294e-06	0.5	0.5	N/A	0.510424	0.0252825
N0.HOG0001733	0.532289	0.0336612	0.0029523	0.505887	N/A	0.510424	0.516903
N0.HOG0004765	0.532289	0.0336612	0.0029523	0.505887	N/A	0.510424	0.516903
N0.HOG0005250	0.532289	0.0113876	0.505887	0.00882236	N/A	0.510424	0.516903
N0.HOG0005595	0.532289	0.0113876	0.505887	0.00882236	N/A	0.510424	0.516903
N0.HOG0009430	0.032796	0.0336612	0.505887	0.00882236	N/A	0.0307862	0.516903
N0.HOG0009532	0.032796	0.522527	0.5	0.5	N/A	0.0307862	0.0252825
N0.HOG0009534	0.032796	0.522527	0.5	0.5	N/A	0.0307862	0.0252825
N0.HOG0009535	0.532289	0.0113876	0.00882236	0.505887	N/A	0.510424	0.516903
N0.HOG0009537	0.532289	0.522527	0.00882236	0.0029523	N/A	0.510424	0.516903
N0.HOG0009539	0.0163963	0.0336612	0.00882236	0.0029523	N/A	0.510424	0.516903
N0.HOG0009540	0.532289	0.522527	0.00882236	0.0029523	N/A	0.510424	0.516903
N0.HOG0009541	0.532289	0.0336612	0.00882236	1.74328e-05	N/A	0.510424	0.516903
N0.HOG0009543	0.532289	0.522527	0.505887	0.00882236	N/A	0.510424	0.516903
N0.HOG0009545	0.532289	0.522527	0.505887	0.00882236	N/A	0.510424	0.516903
N0.HOG0009549	0.532289	0.522527	0.505887	0.00882236	N/A	0.510424	0.516903
N0.HOG0009551	0.532289	0.522527	0.505887	0.00882236	N/A	0.510424	0.516903
N0.HOG0009553	0.532289	0.522527	0.505887	0.00882236	N/A	0.510424	0.516903
N0.HOG0009557	0.532289	0.522527	0.505887	0.00882236	N/A	0.510424	0.516903
N0.HOG0009558	0.532289	0.522527	0.505887	0.00882236	N/A	0.510424	0.516903
N0.HOG0009566	0.532289	0.522527	0.505887	0.00882236	N/A	0.510424	0.516903
N0.HOG0009567	0.532289	0.522527	0.505887	0.00882236	N/A	0.510424	0.516903
N0.HOG0009569	0.532289	0.522527	0.505887	0.00882236	N/A	0.510424	0.516903
N0.HOG0009572	0.532289	0.522527	0.505887	0.00882236	N/A	0.510424	0.516903
N0.HOG0009575	0.532289	0.0336612	0.0029523	0.00882236	N/A	0.510424	0.516903
N0.HOG0009582	0.532289	0.522527	0.505887	0.00882236	N/A	0.510424	0.516903
N0.HOG0009585	0.532289	0.522527	0.505887	0.00882236	N/A	0.510424	0.516903
N0.HOG0009588	0.532289	0.522527	0.505887	0.00882236	N/A	0.510424	0.516903
N0.HOG0009591	0.532289	0.522527	0.505887	0.00882236	N/A	0.510424	0.516903
N0.HOG0009594	0.532289	0.522527	0.505887	0.00882236	N/A	0.510424	0.516903
N0.HOG0009597	0.532289	0.522527	0.505887	0.00882236	N/A	0.510424	0.516903
N0.HOG0009598	0.532289	0.522527	0.505887	0.00882236	N/A	0.510424	0.516903
N0.HOG0009599	0.532289	0.522527	0.505887	0.00882236	N/A	0.510424	0.516903
N0.HOG0009600	0.532289	0.522527	0.505887	0.00882236	N/A	0.510424	0.516903
N0.HOG0009601	0.532289	0.522527	0.505887	0.00882236	N/A	0.510424	0.516903
N0.HOG0009605	0.532289	0.522527	0.505887	0.00882236	N/A	0.510424	0.516903
N0.HOG0009612	0.532289	0.522527	0.505887	0.00882236	N/A	0.510424	0.516903
N0.HOG0009624	0.532289	0.522527	0.505887	0.00882236	N/A	0.510424	0.516903
N0.HOG0009628	0.532289	0.522527	0.505887	0.00882236	N/A	0.510424	0.516903
N0.HOG0009636	0.0163963	0.0336612	0.505887	0.00882236	N/A	0.510424	0.516903
N0.HOG0009638	0.532289	0.522527	0.505887	0.00882236	N/A	0.510424	0.516903
N0.HOG0009639	0.532289	0.522527	0.505887	0.00882236	N/A	0.510424	0.516903
N0.HOG0009642	0.532289	0.522527	0.505887	0.00882236	N/A	0.510424	0.516903
N0.HOG0009644	0.532289	0.522527	0.505887	0.00882236	N/A	0.510424	0.516903
N0.HOG0009648	0.532289	0.522527	0.505887	0.00882236	N/A	0.510424	0.516903
N0.HOG0009649	0.532289	0.522527	0.505887	0.00882236	N/A	0.510424	0.516903
N0.HOG0009650	0.532289	0.522527	0.505887	0.00882236	N/A	0.510424	0.516903
N0.HOG0009653	0.532289	0.522527	0.505887	0.00882236	N/A	0.510424	0.516903
N0.HOG0009655	0.532289	0.522527	0.505887	0.00882236	N/A	0.510424	0.516903
N0.HOG0009658	0.532289	0.522527	0.505887	0.00882236	N/A	0.510424	0.516903
N0.HOG0009663	0.532289	0.522527	0.505887	0.00882236	N/A	0.510424	0.516903
N0.HOG0009677	0.532289	0.522527	0.505887	0.00882236	N/A	0.510424	0.516903
N0.HOG0009683	0.532289	0.522527	0.505887	0.00882236	N/A	0.510424	0.516903
N0.HOG0009685	0.532289	0.522527	0.505887	0.00882236	N/A	0.510424	0.516903
N0.HOG0009688	0.532289	0.522527	0.505887	0.00882236	N/A	0.510424	0.516903
N0.HOG0009693	0.532289	0.522527	0.505887	0.00882236	N/A	0.510424	0.516903
N0.HOG0009707	0.532289	0.522527	0.505887	0.00882236	N/A	0.510424	0.516903
N0.HOG0009716	0.532289	0.522527	0.505887	0.00882236	N/A	0.510424	0.516903
N0.HOG0009717	0.532289	0.522527	0.505887	0.00882236	N/A	0.510424	0.516903
N0.HOG0009718	0.532289	0.522527	0.505887	0.00882236	N/A	0.510424	0.516903
N0.HOG0009719	0.532289	0.522527	0.505887	0.00882236	N/A	0.510424	0.516903
N0.HOG0009720	0.532289	0.522527	0.505887	0.00882236	N/A	0.510424	0.516903
N0.HOG0009721	0.532289	0.522527	0.505887	0.00882236	N/A	0.510424	0.516903
N0.HOG0009722	0.532289	0.522527	0.505887	0.00882236	N/A	0.510424	0.516903
N0.HOG0009723	0.532289	0.522527	0.505887	0.00882236	N/A	0.510424	0.516903
N0.HOG0009724	0.532289	0.522527	0.505887	0.00882236	N/A	0.510424	0.516903
N0.HOG0009725	0.532289	0.522527	0.505887	0.00882236	N/A	0.510424	0.516903
N0.HOG0009726	0.532289	0.522527	0.505887	0.00882236	N/A	0.510424	0.516903
N0.HOG0009727	0.532289	0.522527	0.505887	0.00882236	N/A	0.510424	0.516903
N0.HOG0009744	0.532289	0.522527	0.505887	0.00882236	N/A	0.510424	0.516903
N0.HOG0009745	0.532289	0.522527	0.505887	0.00882236	N/A	0.510424	0.516903
N0.HOG0009746	0.532289	0.522527	0.505887	0.00882236	N/A	0.510424	0.516903
N0.HOG0009759	0.532289	0.522527	0.505887	0.00882236	N/A	0.510424	0.516903
N0.HOG0009762	0.532289	0.522527	0.505887	0.00882236	N/A	0.510424	0.516903
N0.HOG0009764	0.532289	0.522527	0.505887	0.00882236	N/A	0.510424	0.516903
N0.HOG0009765	0.532289	0.522527	0.505887	0.00882236	N/A	0.510424	0.516903
N0.HOG0009766	0.532289	0.522527	0.505887	0.00882236	N/A	0.510424	0.516903
N0.HOG0009767	0.532289	0.522527	0.505887	0.00882236	N/A	0.510424	0.516903
N0.HOG0009770	0.532289	0.522527	0.505887	0.00882236	N/A	0.510424	0.516903
N0.HOG0009772	0.532289	0.522527	0.505887	0.00882236	N/A	0.510424	0.516903
N0.HOG0009787	0.532289	0.522527	0.505887	0.00882236	N/A	0.510424	0.516903
N0.HOG0009796	0.532289	0.522527	0.505887	0.00882236	N/A	0.510424	0.516903
N0.HOG0009801	0.532289	0.522527	0.505887	0.00882236	N/A	0.510424	0.516903
N0.HOG0009802	0.532289	0.522527	0.505887	0.00882236	N/A	0.510424	0.516903
N0.HOG0009806	0.532289	0.522527	0.505887	0.00882236	N/A	0.510424	0.516903
N0.HOG0009814	0.532289	0.522527	0.505887	0.00882236	N/A	0.510424	0.516903
N0.HOG0009827	0.532289	0.522527	0.505887	0.00882236	N/A	0.510424	0.516903
N0.HOG0009829	0.532289	0.522527	0.505887	0.00882236	N/A	0.510424	0.516903
N0.HOG0009834	0.532289	0.522527	0.505887	0.00882236	N/A	0.510424	0.516903
N0.HOG0009842	0.532289	0.522527	0.505887	0.00882236	N/A	0.510424	0.516903
N0.HOG0009843	0.532289	0.522527	0.505887	0.00882236	N/A	0.510424	0.516903
N0.HOG0009846	0.532289	0.522527	0.505887	0.00882236	N/A	0.510424	0.516903
N0.HOG0009847	0.532289	0.522527	0.505887	0.00882236	N/A	0.510424	0.516903
N0.HOG0009849	0.532289	0.522527	0.505887	0.00882236	N/A	0.510424	0.516903
N0.HOG0009853	0.532289	0.522527	0.505887	0.00882236	N/A	0.510424	0.516903
N0.HOG0009857	0.532289	0.522527	0.505887	0.00882236	N/A	0.510424	0.516903
N0.HOG0009860	0.532289	0.522527	0.505887	0.00882236	N/A	0.510424	0.516903
N0.HOG0009875	0.532289	0.522527	0.505887	0.00882236	N/A	0.510424	0.516903
N0.HOG0009876	0.532289	0.522527	0.505887	0.00882236	N/A	0.510424	0.516903
N0.HOG0009877	0.532289	0.522527	0.505887	0.00882236	N/A	0.510424	0.516903
N0.HOG0009879	0.532289	0.522527	0.505887	0.00882236	N/A	0.510424	0.516903
N0.HOG0009884	0.532289	0.522527	0.505887	0.00882236	N/A	0.510424	0.516903
N0.HOG0009892	0.532289	0.0336612	0.0029523	0.00882236	N/A	0.510424	0.516903
N0.HOG0009893	0.532289	0.522527	0.505887	0.00882236	N/A	0.510424	0.516903
N0.HOG0009904	0.532289	0.522527	0.00882236	0.505887	N/A	0.510424	0.516903
N0.HOG0009905	0.532289	0.522527	0.00882236	0.505887	N/A	0.510424	0.516903
N0.HOG0009906	0.532289	0.522527	0.00882236	0.505887	N/A	0.510424	0.516903
N0.HOG0009907	0.532289	0.522527	0.00882236	0.505887	N/A	0.510424	0.516903
N0.HOG0009908	0.532289	0.522527	0.00882236	0.505887	N/A	0.510424	0.516903
N0.HOG0009909	0.532289	0.522527	0.00882236	0.505887	N/A	0.510424	0.516903
N0.HOG0009910	0.532289	0.522527	0.00882236	0.505887	N/A	0.510424	0.516903
N0.HOG0009911	0.532289	0.522527	0.00882236	0.505887	N/A	0.510424	0.516903
N0.HOG0009912	0.532289	0.522527	0.00882236	0.505887	N/A	0.510424	0.516903
N0.HOG0009913	0.532289	0.522527	0.00882236	0.505887	N/A	0.510424	0.516903
N0.HOG0009914	0.532289	0.522527	0.00882236	0.505887	N/A	0.510424	0.516903
N0.HOG0009915	0.0163963	0.522527	0.5	0.5	N/A	0.510424	0.0252825
N0.HOG0009916	0.532289	0.522527	0.00882236	0.505887	N/A	0.510424	0.516903
N0.HOG0009917	0.532289	0.522527	0.00882236	0.505887	N/A	0.510424	0.516903
N0.HOG0009918	0.532289	0.522527	0.00882236	0.505887	N/A	0.510424	0.516903
N0.HOG0009919	0.532289	0.522527	0.00882236	0.505887	N/A	0.510424	0.516903
N0.HOG0009920	0.532289	0.522527	0.00882236	0.505887	N/A	0.510424	0.516903
N0.HOG0009921	0.532289	0.522527	0.00882236	0.505887	N/A	0.510424	0.516903
N0.HOG0009922	0.532289	0.522527	0.00882236	0.505887	N/A	0.510424	0.516903
N0.HOG0009923	0.532289	0.522527	0.00882236	0.505887	N/A	0.510424	0.516903
N0.HOG0009924	0.532289	0.522527	0.00882236	0.505887	N/A	0.510424	0.516903
N0.HOG0009925	0.532289	0.522527	0.00882236	0.505887	N/A	0.510424	0.516903
N0.HOG0009926	0.532289	0.522527	0.00882236	0.505887	N/A	0.510424	0.516903
N0.HOG0009928	0.532289	0.522527	0.00882236	0.505887	N/A	0.510424	0.516903
N0.HOG0009929	0.532289	0.522527	0.00882236	0.505887	N/A	0.510424	0.516903
N0.HOG0009930	0.0163963	0.522527	0.5	0.5	N/A	0.510424	0.0252825
N0.HOG0009931	0.532289	0.522527	0.00882236	0.505887	N/A	0.510424	0.516903
N0.HOG0009932	0.532289	0.522527	0.00882236	0.505887	N/A	0.510424	0.516903
N0.HOG0009933	0.532289	0.522527	0.00882236	0.505887	N/A	0.510424	0.516903
N0.HOG0009934	0.532289	0.522527	0.00882236	0.505887	N/A	0.510424	0.516903
N0.HOG0009935	0.532289	0.522527	0.00882236	0.505887	N/A	0.510424	0.516903
N0.HOG0009936	0.532289	0.522527	0.00882236	0.505887	N/A	0.510424	0.516903
N0.HOG0009937	0.532289	0.522527	0.00882236	0.505887	N/A	0.510424	0.516903
N0.HOG0009938	0.532289	0.522527	0.00882236	0.505887	N/A	0.510424	0.516903
N0.HOG0009939	0.532289	0.522527	0.00882236	0.505887	N/A	0.510424	0.516903
N0.HOG0009940	0.532289	0.522527	0.00882236	0.505887	N/A	0.510424	0.516903
N0.HOG0009941	0.532289	0.522527	0.00882236	0.505887	N/A	0.510424	0.516903
N0.HOG0009942	0.532289	0.522527	0.00882236	0.505887	N/A	0.510424	0.516903
N0.HOG0009943	0.532289	0.522527	0.00882236	0.505887	N/A	0.510424	0.516903
N0.HOG0009944	0.532289	0.522527	0.00882236	0.505887	N/A	0.510424	0.516903
N0.HOG0009945	0.532289	0.522527	0.00882236	0.505887	N/A	0.510424	0.516903
N0.HOG0009946	0.532289	0.522527	0.00882236	0.505887	N/A	0.510424	0.516903
N0.HOG0009947	0.532289	0.522527	0.00882236	0.505887	N/A	0.510424	0.516903
N0.HOG0009948	0.532289	0.522527	0.00882236	0.505887	N/A	0.510424	0.516903
N0.HOG0009949	0.532289	0.522527	0.00882236	0.505887	N/A	0.510424	0.516903
N0.HOG0009950	0.532289	0.522527	0.00882236	0.505887	N/A	0.510424	0.516903
N0.HOG0009951	0.532289	0.522527	0.00882236	0.505887	N/A	0.510424	0.516903
N0.HOG0009952	0.532289	0.522527	0.00882236	0.505887	N/A	0.510424	0.516903
N0.HOG0009953	0.532289	0.522527	0.00882236	0.505887	N/A	0.510424	0.516903
N0.HOG0009954	0.532289	0.522527	0.00882236	0.505887	N/A	0.510424	0.516903
N0.HOG0009955	0.532289	0.522527	0.00882236	0.505887	N/A	0.510424	0.516903
N0.HOG0009956	0.532289	0.522527	0.00882236	0.505887	N/A	0.510424	0.516903
N0.HOG0009957	0.532289	0.522527	0.00882236	0.505887	N/A	0.510424	0.516903
N0.HOG0009958	0.532289	0.522527	0.00882236	0.505887	N/A	0.510424	0.516903
N0.HOG0009959	0.0163963	0.522527	0.5	0.5	N/A	0.510424	0.0252825
N0.HOG0009961	0.532289	0.522527	0.00882236	0.505887	N/A	0.510424	0.516903
N0.HOG0009962	0.532289	0.522527	0.00882236	0.505887	N/A	0.510424	0.516903
N0.HOG0009963	0.532289	0.522527	0.00882236	0.505887	N/A	0.510424	0.516903
N0.HOG0009964	0.532289	0.522527	0.00882236	0.505887	N/A	0.510424	0.516903
N0.HOG0009965	0.0163963	0.522527	0.5	0.5	N/A	0.510424	0.0252825
N0.HOG0009966	0.532289	0.522527	0.00882236	0.505887	N/A	0.510424	0.516903
N0.HOG0009967	0.532289	0.522527	0.00882236	0.505887	N/A	0.510424	0.516903
N0.HOG0009968	0.532289	0.522527	0.00882236	0.505887	N/A	0.510424	0.516903
N0.HOG0009969	0.532289	0.522527	0.00882236	0.505887	N/A	0.510424	0.516903
N0.HOG0009970	0.0163963	0.522527	0.5	0.5	N/A	0.510424	0.0252825
N0.HOG0009971	0.532289	0.522527	0.00882236	0.505887	N/A	0.510424	0.516903
N0.HOG0009972	0.532289	0.522527	0.00882236	0.505887	N/A	0.510424	0.516903
N0.HOG0009973	0.532289	0.522527	0.00882236	0.505887	N/A	0.510424	0.516903
N0.HOG0009974	0.0163963	0.0336612	0.00882236	0.505887	N/A	0.510424	0.516903
N0.HOG0009975	0.532289	0.522527	0.00882236	0.505887	N/A	0.510424	0.516903
N0.HOG0009976	0.532289	0.0113876	0.5	0.5	N/A	0.510424	0.0252825
N0.HOG0009977	0.532289	0.522527	0.00882236	0.505887	N/A	0.510424	0.516903
N0.HOG0009978	0.532289	0.522527	0.00882236	0.505887	N/A	0.510424	0.516903
N0.HOG0009979	0.532289	0.522527	0.00882236	0.505887	N/A	0.510424	0.516903
N0.HOG0009985	0.532289	0.0336612	0.505887	0.00882236	N/A	0.510424	0.516903
N0.HOG0009995	0.532289	0.0336612	0.505887	0.00882236	N/A	0.510424	0.516903
N0.HOG0010003	0.532289	0.0336612	0.505887	0.00882236	N/A	0.510424	0.516903
N0.HOG0010005	0.532289	0.0336612	0.505887	0.00882236	N/A	0.510424	0.516903
N0.HOG0010019	0.532289	0.0336612	0.505887	0.00882236	N/A	0.510424	0.516903
N0.HOG0010027	0.532289	0.0336612	0.505887	0.00882236	N/A	0.510424	0.516903
N0.HOG0010028	0.532289	0.0336612	0.505887	0.00882236	N/A	0.510424	0.516903
N0.HOG0010039	0.532289	0.0336612	0.505887	0.00882236	N/A	0.510424	0.516903
N0.HOG0010046	0.532289	0.0336612	0.505887	0.00882236	N/A	0.510424	0.516903
N0.HOG0010055	0.532289	0.0336612	0.505887	0.00882236	N/A	0.510424	0.516903
N0.HOG0010060	0.532289	0.0336612	0.505887	0.00882236	N/A	0.510424	0.516903
N0.HOG0010062	0.532289	0.0336612	0.505887	0.00882236	N/A	0.510424	0.516903
N0.HOG0010064	0.532289	0.0336612	0.505887	0.00882236	N/A	0.510424	0.516903
N0.HOG0010067	0.532289	0.0336612	0.505887	0.00882236	N/A	0.510424	0.516903
N0.HOG0010073	0.532289	0.0336612	0.505887	0.00882236	N/A	0.510424	0.516903
N0.HOG0010098	0.532289	0.0336612	0.00882236	0.505887	N/A	0.510424	0.516903
N0.HOG0010141	0.532289	0.0336612	0.00882236	0.505887	N/A	0.510424	0.516903
N0.HOG0010149	0.532289	0.0336612	0.00882236	0.505887	N/A	0.510424	0.516903
N0.HOG0010157	0.532289	0.0336612	0.00882236	0.505887	N/A	0.510424	0.516903
N0.HOG0010165	0.532289	0.0336612	0.00882236	0.505887	N/A	0.510424	0.516903
N0.HOG0010166	0.532289	0.0336612	0.00882236	0.505887	N/A	0.510424	0.516903
N0.HOG0010200	0.532289	0.0336612	0.00882236	0.505887	N/A	0.510424	0.516903
N0.HOG0010211	0.532289	0.0336612	0.00882236	0.505887	N/A	0.510424	0.516903
N0.HOG0010216	0.532289	0.0336612	0.00882236	0.505887	N/A	0.510424	0.516903
N0.HOG0010220	0.532289	0.0336612	0.00882236	0.505887	N/A	0.510424	0.516903
N0.HOG0010221	0.532289	0.0336612	0.00882236	0.505887	N/A	0.510424	0.516903
N0.HOG0010252	0.532289	0.0336612	0.00882236	0.505887	N/A	0.510424	0.516903
N0.HOG0010261	0.532289	0.0336612	0.00882236	0.505887	N/A	0.510424	0.516903
N0.HOG0010268	0.532289	0.0336612	0.00882236	0.505887	N/A	0.510424	0.516903
N0.HOG0010269	0.532289	0.0336612	0.00882236	0.505887	N/A	0.510424	0.516903
N0.HOG0010272	0.532289	0.0336612	0.00882236	0.505887	N/A	0.510424	0.516903
N0.HOG0010278	0.532289	0.0336612	0.00882236	0.505887	N/A	0.510424	0.516903
N0.HOG0010284	0.532289	0.0336612	0.00882236	0.505887	N/A	0.510424	0.516903
N0.HOG0010287	0.532289	0.0336612	0.00882236	0.505887	N/A	0.510424	0.516903
N0.HOG0010291	0.532289	0.0336612	0.00882236	0.505887	N/A	0.510424	0.516903
